4
linear   essential      -0.250000   0.750000
linear   non-essential   0.000000   1.000000
linear   essential       0.000000   1.000000
linear   essential       0.000000   1.000000

1 1
significant   elliptical     1
	  0.296875  0.163281  0.199219  0.101563
	  0.000400  0.000400  0.000400  0.000400

2 1
significant   elliptical     1
	  0.296875  0.295312  0.207031  0.164063
	  0.000400  0.000400  0.000400  0.000400

3 1
significant   elliptical     1
	  0.300781  0.282422  0.210938  0.160156
	  0.000400  0.000400  0.000400  0.000400

4 1
significant   elliptical     1
	  0.308594  0.263281  0.183594  0.187500
	  0.000400  0.000400  0.000400  0.000400

5 1
significant   elliptical     1
	  0.308594  0.298828  0.203125  0.171875
	  0.000400  0.000400  0.000400  0.000400

6 1
significant   elliptical     1
	  0.304688  0.307813  0.203125  0.183594
	  0.000400  0.000400  0.000400  0.000400

7 1
significant   elliptical     1
	  0.347656  0.220703  0.207031  0.152344
	  0.000400  0.000400  0.000400  0.000400

8 1
significant   elliptical     1
	  0.292969  0.322656  0.203125  0.191406
	  0.000400  0.000400  0.000400  0.000400

9 1
significant   elliptical     1
	  0.289063  0.289453  0.195313  0.175781
	  0.000400  0.000400  0.000400  0.000400

0 1
significant   elliptical     1
	  0.285156  0.306250  0.203125  0.214844
	  0.000400  0.000400  0.000400  0.000400

a 1
significant   elliptical     1
	  0.238281  0.281641  0.171875  0.175781
	  0.000400  0.000400  0.000400  0.000400

b 1
significant   elliptical     1
	  0.257813  0.277734  0.195313  0.187500
	  0.000400  0.000400  0.000400  0.000400

c 1
significant   elliptical     1
	  0.226563  0.222266  0.171875  0.167969
	  0.000400  0.000400  0.000400  0.000400

d 1
significant   elliptical     1
	  0.250000  0.285547  0.199219  0.203125
	  0.000400  0.000400  0.000400  0.000400

e 1
significant   elliptical     1
	  0.238281  0.281641  0.160156  0.183594
	  0.000400  0.000400  0.000400  0.000400

f 1
significant   elliptical     1
	  0.343750  0.237500  0.195313  0.160156
	  0.000400  0.000400  0.000400  0.000400

g 1
significant   elliptical     1
	  0.171875  0.317969  0.210938  0.191406
	  0.000400  0.000400  0.000400  0.000400

H 2
significant   elliptical     1
	  0.300781  0.327734  0.222656  0.218750
	  0.000400  0.000400  0.000400  0.000400
significant   elliptical     1
	  0.246094  0.273828  0.183594  0.203125
	  0.000400  0.000400  0.000400  0.000400

ij 1
significant   elliptical     1
	  0.265625  0.435937  0.250000  0.175781
	  0.000400  0.000400  0.000400  0.000400

k 1
significant   elliptical     1
	  0.273438  0.279687  0.199219  0.191406
	  0.000400  0.000400  0.000400  0.000400

i 1
significant   elliptical     1
	  0.289063  0.157813  0.203125  0.097656
	  0.000400  0.000400  0.000400  0.000400

m 1
significant   elliptical     1
	  0.210938  0.327734  0.175781  0.261719
	  0.000400  0.000400  0.000400  0.000400

n 1
significant   elliptical     1
	  0.242188  0.275781  0.171875  0.218750
	  0.000400  0.000400  0.000400  0.000400

o 1
significant   elliptical     1
	  0.234375  0.264453  0.167969  0.195313
	  0.000400  0.000400  0.000400  0.000400

p 1
significant   elliptical     1
	  0.207031  0.271484  0.183594  0.191406
	  0.000400  0.000400  0.000400  0.000400

q 1
significant   elliptical     1
	  0.195313  0.278906  0.195313  0.187500
	  0.000400  0.000400  0.000400  0.000400

r 1
significant   elliptical     1
	  0.246094  0.272656  0.175781  0.195313
	  0.000400  0.000400  0.000400  0.000400

s 1
significant   elliptical     1
	  0.250000  0.258203  0.164063  0.160156
	  0.000400  0.000400  0.000400  0.000400

t 1
significant   elliptical     1
	  0.312500  0.216016  0.179688  0.164063
	  0.000400  0.000400  0.000400  0.000400

u 1
significant   elliptical     1
	  0.230469  0.254297  0.160156  0.195313
	  0.000400  0.000400  0.000400  0.000400

v 1
significant   elliptical     2
	  0.281250  0.201367  0.156250  0.162109
	  0.000763  0.000400  0.000400  0.000400

w 1
significant   elliptical     1
	  0.253906  0.328125  0.167969  0.261719
	  0.000400  0.000400  0.000400  0.000400

x 1
significant   elliptical     1
	  0.230469  0.248828  0.183594  0.183594
	  0.000400  0.000400  0.000400  0.000400

z 1
significant   elliptical     1
	  0.238281  0.231250  0.179688  0.148438
	  0.000400  0.000400  0.000400  0.000400

A 1
significant   elliptical     1
	  0.277344  0.310547  0.210938  0.222656
	  0.000400  0.000400  0.000400  0.000400

B 1
significant   elliptical     1
	  0.304688  0.351563  0.218750  0.218750
	  0.000400  0.000400  0.000400  0.000400

C 1
significant   elliptical     1
	  0.300781  0.255469  0.207031  0.179688
	  0.000400  0.000400  0.000400  0.000400

D 1
significant   elliptical     1
	  0.304688  0.341797  0.218750  0.230469
	  0.000400  0.000400  0.000400  0.000400

E 1
significant   elliptical     1
	  0.316406  0.310937  0.214844  0.183594
	  0.000400  0.000400  0.000400  0.000400

F 1
significant   elliptical     1
	  0.359375  0.257422  0.199219  0.171875
	  0.000400  0.000400  0.000400  0.000400

G 1
significant   elliptical     1
	  0.316406  0.342578  0.199219  0.195313
	  0.000400  0.000400  0.000400  0.000400

I 1
significant   elliptical     1
	  0.289063  0.148828  0.195313  0.089844
	  0.000400  0.000400  0.000400  0.000400

J 1
significant   elliptical     1
	  0.253906  0.206641  0.218750  0.156250
	  0.000400  0.000400  0.000400  0.000400

K 1
significant   elliptical     1
	  0.292969  0.300781  0.210938  0.207031
	  0.000400  0.000400  0.000400  0.000400

L 1
significant   elliptical     1
	  0.250000  0.209375  0.207031  0.164063
	  0.000400  0.000400  0.000400  0.000400

M 1
significant   elliptical     1
	  0.273438  0.385938  0.218750  0.289063
	  0.000400  0.000400  0.000400  0.000400

N 1
significant   elliptical     1
	  0.296875  0.320313  0.210938  0.242188
	  0.000400  0.000400  0.000400  0.000400

O 1
significant   elliptical     1
	  0.285156  0.323047  0.214844  0.226563
	  0.000400  0.000400  0.000400  0.000400

P 1
significant   elliptical     1
	  0.347656  0.283594  0.203125  0.210938
	  0.000400  0.000400  0.000400  0.000400

Q 1
significant   elliptical     1
	  0.328125  0.330469  0.203125  0.218750
	  0.000400  0.000400  0.000400  0.000400

R 1
significant   elliptical     1
	  0.304688  0.315625  0.210938  0.214844
	  0.000400  0.000400  0.000400  0.000400

S 1
significant   elliptical     1
	  0.304688  0.296875  0.203125  0.179688
	  0.000400  0.000400  0.000400  0.000400

T 1
significant   elliptical     1
	  0.363281  0.227344  0.207031  0.179688
	  0.000400  0.000400  0.000400  0.000400

U 1
significant   elliptical     1
	  0.289063  0.302734  0.203125  0.218750
	  0.000400  0.000400  0.000400  0.000400

V 1
significant   elliptical     1
	  0.332031  0.250781  0.191406  0.187500
	  0.000400  0.000400  0.000400  0.000400

W 1
significant   elliptical     1
	  0.320313  0.398047  0.214844  0.296875
	  0.000400  0.000400  0.000400  0.000400

X 1
significant   elliptical     1
	  0.289063  0.296484  0.230469  0.203125
	  0.000400  0.000400  0.000400  0.000400

Y 1
significant   elliptical     1
	  0.378906  0.233984  0.203125  0.175781
	  0.000400  0.000400  0.000400  0.000400

Z 1
significant   elliptical     1
	  0.312500  0.276563  0.222656  0.167969
	  0.000400  0.000400  0.000400  0.000400
