60
NULL 0 NULL 0
1 8 0,255,0,255,0,32767,0,32767,0,32767 NULL 1 0 0 	# 1 [31 ]0
2 8 0,255,0,255,0,32767,0,32767,0,32767 NULL 2 0 0 	# 2 [32 ]0
3 8 0,255,0,255,0,32767,0,32767,0,32767 NULL 3 0 0 	# 3 [33 ]0
4 8 0,255,0,255,0,32767,0,32767,0,32767 NULL 4 0 0 	# 4 [34 ]0
5 8 0,255,0,255,0,32767,0,32767,0,32767 NULL 5 0 0 	# 5 [35 ]0
6 8 0,255,0,255,0,32767,0,32767,0,32767 NULL 6 0 0 	# 6 [36 ]0
7 8 0,255,0,255,0,32767,0,32767,0,32767 NULL 7 0 0 	# 7 [37 ]0
8 8 0,255,0,255,0,32767,0,32767,0,32767 NULL 8 0 0 	# 8 [38 ]0
9 8 0,255,0,255,0,32767,0,32767,0,32767 NULL 9 0 0 	# 9 [39 ]0
0 8 0,255,0,255,0,32767,0,32767,0,32767 NULL 10 0 0 	# 0 [30 ]0
a 3 0,255,0,255,0,32767,0,32767,0,32767 NULL -1 0 0 	# a [61 ]a
b 3 0,255,0,255,0,32767,0,32767,0,32767 NULL -1 0 0 	# b [62 ]a
c 3 0,255,0,255,0,32767,0,32767,0,32767 NULL -1 0 0 	# c [63 ]a
d 3 0,255,0,255,0,32767,0,32767,0,32767 NULL -1 0 0 	# d [64 ]a
e 3 0,255,0,255,0,32767,0,32767,0,32767 NULL -1 0 0 	# e [65 ]a
f 3 0,255,0,255,0,32767,0,32767,0,32767 NULL -1 0 0 	# f [66 ]a
g 3 0,255,0,255,0,32767,0,32767,0,32767 NULL -1 0 0 	# g [67 ]a
H 5 0,255,0,255,0,32767,0,32767,0,32767 NULL -1 0 0 	# H [48 ]A
ij 3 0,255,0,255,0,32767,0,32767,0,32767 NULL -1 0 0 	# ij [69 6a ]a
k 3 0,255,0,255,0,32767,0,32767,0,32767 NULL -1 0 0 	# k [6b ]a
i 3 0,255,0,255,0,32767,0,32767,0,32767 NULL -1 0 0 	# i [69 ]a
m 3 0,255,0,255,0,32767,0,32767,0,32767 NULL -1 0 0 	# m [6d ]a
n 3 0,255,0,255,0,32767,0,32767,0,32767 NULL -1 0 0 	# n [6e ]a
o 3 0,255,0,255,0,32767,0,32767,0,32767 NULL -1 0 0 	# o [6f ]a
p 3 0,255,0,255,0,32767,0,32767,0,32767 NULL -1 0 0 	# p [70 ]a
q 3 0,255,0,255,0,32767,0,32767,0,32767 NULL -1 0 0 	# q [71 ]a
r 3 0,255,0,255,0,32767,0,32767,0,32767 NULL -1 0 0 	# r [72 ]a
s 3 0,255,0,255,0,32767,0,32767,0,32767 NULL -1 0 0 	# s [73 ]a
t 3 0,255,0,255,0,32767,0,32767,0,32767 NULL -1 0 0 	# t [74 ]a
u 3 0,255,0,255,0,32767,0,32767,0,32767 NULL -1 0 0 	# u [75 ]a
v 3 0,255,0,255,0,32767,0,32767,0,32767 NULL -1 0 0 	# v [76 ]a
w 3 0,255,0,255,0,32767,0,32767,0,32767 NULL -1 0 0 	# w [77 ]a
x 3 0,255,0,255,0,32767,0,32767,0,32767 NULL -1 0 0 	# x [78 ]a
z 3 0,255,0,255,0,32767,0,32767,0,32767 NULL -1 0 0 	# z [7a ]a
A 5 0,255,0,255,0,32767,0,32767,0,32767 NULL 11 0 0 	# A [41 ]A
B 5 0,255,0,255,0,32767,0,32767,0,32767 NULL 12 0 0 	# B [42 ]A
C 5 0,255,0,255,0,32767,0,32767,0,32767 NULL 13 0 0 	# C [43 ]A
D 5 0,255,0,255,0,32767,0,32767,0,32767 NULL 14 0 0 	# D [44 ]A
E 5 0,255,0,255,0,32767,0,32767,0,32767 NULL 15 0 0 	# E [45 ]A
F 5 0,255,0,255,0,32767,0,32767,0,32767 NULL 16 0 0 	# F [46 ]A
G 5 0,255,0,255,0,32767,0,32767,0,32767 NULL 17 0 0 	# G [47 ]A
I 5 0,255,0,255,0,32767,0,32767,0,32767 NULL 21 0 0 	# I [49 ]A
J 5 0,255,0,255,0,32767,0,32767,0,32767 NULL -1 0 0 	# J [4a ]A
K 5 0,255,0,255,0,32767,0,32767,0,32767 NULL 20 0 0 	# K [4b ]A
L 5 0,255,0,255,0,32767,0,32767,0,32767 NULL -1 0 0 	# L [4c ]A
M 5 0,255,0,255,0,32767,0,32767,0,32767 NULL 22 0 0 	# M [4d ]A
N 5 0,255,0,255,0,32767,0,32767,0,32767 NULL 23 0 0 	# N [4e ]A
O 5 0,255,0,255,0,32767,0,32767,0,32767 NULL 24 0 0 	# O [4f ]A
P 5 0,255,0,255,0,32767,0,32767,0,32767 NULL 25 0 0 	# P [50 ]A
Q 5 0,255,0,255,0,32767,0,32767,0,32767 NULL 26 0 0 	# Q [51 ]A
R 5 0,255,0,255,0,32767,0,32767,0,32767 NULL 27 0 0 	# R [52 ]A
S 5 0,255,0,255,0,32767,0,32767,0,32767 NULL 28 0 0 	# S [53 ]A
T 5 0,255,0,255,0,32767,0,32767,0,32767 NULL 29 0 0 	# T [54 ]A
U 5 0,255,0,255,0,32767,0,32767,0,32767 NULL 30 0 0 	# U [55 ]A
V 5 0,255,0,255,0,32767,0,32767,0,32767 NULL 31 0 0 	# V [56 ]A
W 5 0,255,0,255,0,32767,0,32767,0,32767 NULL 32 0 0 	# W [57 ]A
X 5 0,255,0,255,0,32767,0,32767,0,32767 NULL 33 0 0 	# X [58 ]A
Y 5 0,255,0,255,0,32767,0,32767,0,32767 NULL -1 0 0 	# Y [59 ]A
Z 5 0,255,0,255,0,32767,0,32767,0,32767 NULL 34 0 0 	# Z [5a ]A
